0. 0.9 -1.8  0. 0.9 -1.8  0. 0.9 -1.8  0. 0.9 -1.8
0. 0.9 -1.8  0. 0.9 -1.8  0. 0.9 -1.8  0. 0.9 -1.8
0. 0.9 -1.8  0. 0.9 -1.8  0. 0.9 -1.8  0. 0.9 -1.8
0. 0.9 -1.8  0. 0.9 -1.8  0. 0.9 -1.8  0. 0.9 -1.8
0. 0.9 -1.8  0. 0.9 -1.8  0. 0.9 -1.8  0. 0.9 -1.8
0. 0.9 -1.8  0. 0.9 -1.8  0. 0.9 -1.8  0. 0.9 -1.8
0. 0.9 -1.8  0. 0.9 -1.8  0. 0.9 -1.8  0. 0.9 -1.8
0. 0.9 -1.8  0. 0.9 -1.8  0. 0.9 -1.8  0. 0.9 -1.8
0. 0.9 -1.8  0. 0.9 -1.8  0. 0.9 -1.8  0. 0.9 -1.8
0. 0.9 -1.8  0. 0.9 -1.8  0. 0.9 -1.8  0. 0.9 -1.8
0. 0.9 -1.8  0. 0.9 -1.8  0. 0.9 -1.8  0. 0.9 -1.8
0. 0.9 -1.8  0. 0.9 -1.8  0. 0.9 -1.8  0. 0.9 -1.8
0. 0.9 -1.8  0. 0.9 -1.8  0. 0.9 -1.8  0. 0.9 -1.8
0. 0.9 -1.8  0. 0.9 -1.8  0. 0.9 -1.8  0. 0.9 -1.8
0. 0.9 -1.8  0. 0.9 -1.8  0. 0.9 -1.8  0. 0.9 -1.8
0. 0.9 -1.8  0. 0.9 -1.8  0. 0.9 -1.8  0. 0.9 -1.8
